-11	353
-11	389
-11	443
-11	839
-11	983
-11	1367
-11	1523
-11	1907
-11	1973
-11	3001
-11	3037
-11	3067
-11	3089
-11	3301
-11	3413
-11	3457
-11	3547
-11	3697
-11	4051
-11	4327
-11	4493
-11	4801
-11	4889
-11	4931
-11	5303
-11	5333
-11	5347
-11	5647
-11	5857
-11	6053
-11	6301
-11	6653
-11	7027
-11	7349
-11	7417
-11	7643
-11	7687
-11	8387
-11	8429
-11	8501
-11	8573
-11	8699
-11	8969
-11	9001
-11	9157
-11	9293
-11	9311
-11	9431
-11	9839
-11	9967
-11	10211
-11	10433
-11	10477
-11	10651
-11	10949
-11	11399
-11	11551
-11	12043
-11	12101
-11	12323
-11	12379
-11	12479
-11	12697
-11	12763
-11	12893
-11	13003
-11	13297
-11	13721
-11	14327
-11	14479
-11	14551
-11	14639
-11	14683
-11	14767
-11	15427
-11	15629
-11	15731
-11	15823
-11	15877
-11	16349
-11	16361
-11	16487
-11	16567
-11	16603
-11	16691
-11	16811
-11	16879
-11	17117
-11	17207
-11	18379
-11	19013
-11	19031
-11	19507
-11	19661
-11	19727
-11	19793
-11	20287
-11	20443
-11	20551
-11	20639
-11	21377
-11	21503
-11	21521
-11	21737
-11	22067
-11	22157
-11	22817
-11	23017
-11	23081
-11	23321
-11	23549
-11	23819
-11	23831
-11	24137
-11	24203
-11	24677
-11	25349
-11	25667
-11	25903
-11	26141
-11	26251
-11	26557
-11	26863
-11	26921
-11	26951
-11	26953
-11	26959
-11	27017
-11	27043
-11	27109
-11	27259
-11	27487
-11	27647
-11	27779
-11	27823
-11	27883
-11	28513
-11	28759
-11	28879
-11	28933
-11	28961
-11	29023
-11	29063
-11	29077
-11	29209
-11	29401
-59	137
-59	523
-131	109
-811	887
-859	467
-1283	751
-2099	683
-2251	691
-3947	599
-8419	401
-8747	733
-20123	823
-30491	89
-45307	947
-56123	181
-56923	509
-57331	293
-75211	883
-81899	733
-98011	953
-100019	971
-180371	211
-664019	859
-1071739	281
-3974563	53
-9623491	433
-14215603	563
-71600779	821
-75173491	557
-19	1721
-19	1787
-19	1847
-19	1871
-19	1987
-19	2221
-19	2267
-19	2417
-19	2707
-19	2837
-19	3121
-19	3607
-19	3877
-19	5021
-19	6271
-19	6827
-19	6863
-19	6959
-19	6971
-19	7643
-19	7759
-19	7877
-19	7883
-19	8521
-19	8623
-19	9371
-19	9547
-59	3989
-59	8059
-59	9857
-83	1907
-83	3229
-83	3673
-83	3677
-83	6701
-83	7963
-83	9967
-107	5039
-107	6469
-107	6841
-131	1723
-131	4817
-131	6977
-139	1607
-139	2551
-139	7589
-179	6829
-179	8623
-179	9461
-211	5281
-211	7229
-211	8219
-227	2293
-227	9883
-251	1283
-251	2477
-251	4621
-251	6197
-251	6701
-283	1289
-283	4591
-283	4877
-283	6883
-283	7741
-307	7583
-331	4783
-331	8377
-331	9931
-379	7699
-419	3319
-419	4909
-443	2459
-467	7879
-491	3943
-491	8093
-523	2971
-547	4603
-547	8951
-563	6203
-571	2297
-571	7411
-587	1747
-619	5261
-619	8069
-643	5347
-787	3617
-811	7993
-827	4451
-1163	5573
-1187	5693
-1259	2459
-1307	1427
-1459	7499
-1531	9431
-1571	4007
-1571	6271
-1571	7687
-1619	5413
-1723	4441
-1787	7129
-2339	4877
-3067	8761
-3083	4663
-3163	1103
-3251	3583
-3571	3359
-4219	2971
-5051	2027
-5419	6761
-5851	6827
-5867	7309
-6011	8363
-6131	7937
-6491	2663
-7219	8353
-7499	2593
-7499	3613
-7907	4093
-8123	3229
-8363	3823
-8419	2053
-8627	1213
-8803	1429
-10091	3001
-10331	4093
-10427	4783
-18251	9587
-19507	7573
-21179	9181
-25163	5443
-27107	8923
-31259	9319
-33091	3061
-33547	3853
-36467	5279
-37907	4357
-41243	1327
-44987	6779
-46051	6079
-55171	4723
-62827	7673
-65579	8087
-66491	4451
-67579	9043
-67939	4357
-75931	5297
-87403	2069
-148139	2749
-171763	5639
-174907	5077
-181891	1303
-261011	3623
-287939	9929
-323339	4931
-415643	7283
-472051	3533
-477011	2549
-513739	2011
-525731	7789
-538051	6607
-557059	2281
-569267	1129
-701819	1619
-716123	5281
-733307	5113
-755387	5903
-773803	9397
-869467	3581
-872587	2029
-947851	4073
-956387	9833
-1060051	7019
-1344347	4789
-1442267	1237
-1537771	4349
-1726147	8467
-1899659	6673
-2098403	5953
-2180083	7573
-2549731	4639
-2808571	8389
-2927123	6299
-3093899	9001
-3139651	9629
-4045523	1721
-4544539	8641
-4556203	9587
-5066291	3769
-6096187	5813
-7467307	5801
-7610131	2663
-8333371	3967
-8351339	8563
-9010003	5689
-9916003	2671
-10255499	2411
-10485523	9791
-10704851	1811
-13067651	5323
-13694227	4519
-15234707	4547
-21211403	5179
-36781427	7643
-42453611	8783
-52971067	4259
-54862331	8999
-61485659	1187
-66917483	3037
-70164907	8287
-78307883	9437
-78960179	3943
-79181083	4523
-87130507	9161
-108029939	2503
-128523211	9643
-249236419	9203
-263355691	2503
-19	10223
-19	10271
-19	10457
-19	10459
-19	11027
-19	11483
-19	12043
-19	13259
-19	13487
-19	15287
-19	15439
-19	15643
-19	15739
-19	16033
-19	16189
-19	16363
-19	16477
-19	16693
-19	16993
-19	17239
-19	17971
-19	18523
-19	18959
-19	18973
-19	19403
-43	19889
-43	19919
-43	19949
-59	16831
-59	18583
-59	19751
-83	10459
-83	10799
-83	16253
-83	17027
-83	17291
-83	18301
-83	19531
-107	13709
-107	15061
-107	15679
-107	17921
-131	10631
-131	11981
-139	13451
-139	13457
-139	15053
-139	15427
-139	18503
-179	12211
-179	12343
-179	13477
-179	14657
-179	18397
-211	12527
-227	11959
-227	15767
-227	18143
-251	18289
-251	18793
-251	18919
-283	13183
-307	14251
-331	19709
-379	10973
-379	12161
-419	12911
-419	17053
-443	10039
-443	10247
-467	13241
-547	12487
-547	14621
-563	12889
-571	13043
-571	14369
-587	10733
-619	11113
-619	12757
-643	16007
-659	13109
-659	13883
-811	19973
-827	10799
-827	17807
-971	10303
-1019	11489
-1051	10589
-1091	16573
-1259	17159
-1259	17761
-1283	12253
-1523	18517
-1699	11497
-1987	18191
-2003	14449
-2099	10889
-2243	10973
-2467	11657
-2467	18637
-2579	19423
-3187	14519
-4027	17737
-4259	15679
-4451	14731
-5347	15601
-5851	16661
-6043	13883
-6163	10039
-6547	10607
-6571	13009
-6883	15679
-7691	15667
-7907	12433
-8179	18133
-8747	11351
-9371	16421
-9907	13627
-10243	19819
-10883	15823
-11867	18541
-12227	11393
-13763	13229
-15683	10667
-16651	19699
-17107	10987
-21587	12491
-23227	19231
-24419	17807
-24979	12941
-29587	17729
-30323	12739
-32779	10687
-34763	12743
-35099	19597
-36587	16883
-46307	17987
-51427	15091
-53699	10181
-64171	19031
-64579	11821
-66683	17159
-66923	17609
-71339	10987
-74843	13711
-93419	17839
-99523	13297
-100363	18041
-104971	17401
-106187	11443
-113947	12671
-117251	12541
-154787	17099
-170299	13477
-183203	10337
-196051	10193
-226427	19037
-308003	14533
-309019	11743
-348547	13177
-719683	15797
-787243	17789
-821467	19681
-908851	16187
-921787	19379
-926851	17929
-984539	13259
-999331	10037
-1002083	17449
-1057643	12589
-1238747	19319
-1453171	18661
-1642187	10009
-1749179	10169
-1859779	19889
-2271011	17539
-2328947	10457
-3013691	15817
-3256739	14519
-3380947	12959
-3438683	13997
-3488987	10453
-4233707	19181
-5469259	14951
-5491939	18593
-6341219	18719
-6384907	13921
-10622107	11657
-11953043	10903
-13749011	12227
-14417339	10247
-16458947	16871
-18363731	17509
-18966587	13687
-20616707	12589
-22183019	16931
-28852171	10937
-32852011	10457
-33381779	18521
-43457963	17387
-62533139	18329
-72328811	12401
-74345899	13681
-79461659	16747
-85208611	17957
-87760451	14657
-99889003	17971
-130578131	19687
-144348571	14489
-268147963	13217
-19	20347
-19	20897
-19	20983
-19	21737
-19	22307
-19	22573
-19	23623
-19	23767
-19	24971
-19	25903
-19	25939
-19	26459
-19	27437
-19	28277
-19	28447
-19	28661
-19	29437
-19	29837
-43	20117
-43	20149
-43	20183
-43	20219
-43	20297
-43	20477
-43	20747
-43	20807
-43	21067
-43	21283
-43	21517
-43	21599
-43	21683
-43	22039
-43	22133
-43	22229
-43	22739
-43	23417
-43	23537
-43	23909
-43	24847
-43	24989
-43	25577
-43	26357
-43	26683
-43	26849
-43	27017
-43	28433
-43	28619
-43	28807
-43	29383
-59	22093
-59	23671
-59	24049
-59	26099
-59	26557
-59	27073
-83	20809
-83	22079
-83	24329
-107	23563
-107	25301
-131	22369
-131	25703
-131	26431
-131	26777
-139	20479
-139	20921
-139	26489
-139	27611
-139	28123
-179	22247
-179	25153
-179	25639
-179	28793
-211	25253
-227	22961
-227	23603
-227	26293
-227	28309
-251	29131
-307	24421
-347	23581
-347	26321
-379	29753
-419	20219
-419	23603
-443	27541
-467	29473
-491	21803
-547	25229
-571	20897
-571	25609
-587	29531
-659	27299
-683	22367
-691	20809
-739	21701
-739	25357
-739	27367
-859	22147
-1019	28081
-1051	27437
-1091	22111
-1171	24793
-1187	20717
-1459	28901
-1523	24091
-1523	29629
-1627	23789
-2203	27239
-2203	28729
-3323	27743
-4091	21407
-4099	26459
-4219	20743
-4691	22669
-4723	27823
-4931	22453
-5003	22303
-5099	28859
-5323	25391
-6011	20201
-7019	23071
-7027	24337
-7451	25127
-7547	23327
-7907	22877
-8011	28901
-12043	21419
-12251	23831
-15331	21341
-15667	21713
-16363	21523
-16931	20441
-17923	23053
-22739	27827
-24971	21881
-25579	28051
-27059	22037
-28123	26813
-33851	21391
-34651	22397
-35339	29501
-36467	20903
-37747	29669
-38803	22159
-39499	23993
-42859	28351
-54163	27077
-61603	24337
-63803	20747
-67003	20479
-90379	27793
-94379	29137
-110587	28961
-127331	21067
-146299	26297
-150659	28493
-159811	22453
-166603	23561
-173891	22613
-176123	23011
-176747	20983
-186283	21143
-204563	24659
-256579	21673
-290923	29059
-323419	25747
-323923	24103
-344251	25423
-363067	28439
-418459	23459
-435059	28429
-442579	26021
-497867	22639
-567187	27191
-733003	22349
-1509899	22291
-1652267	22573
-1754579	23063
-1925219	23339
-3182147	29207
-3260099	23017
-3260563	22391
-3693883	22573
-3802003	23833
-4176563	27539
-4248667	24691
-5318531	20959
-6731579	29959
-7556531	26849
-8889499	21787
-9248251	26029
-9558011	21191
-10581451	24181
-10961131	28099
-12590419	25919
-13747771	28309
-14421347	29629
-16505323	26177
-31691323	20177
-35356987	21247
-40495523	21023
-44229203	28087
-44280107	22877
-48783179	20477
-51416179	25189
-53638483	26371
-58685203	21193
-75809003	22447
-87502339	23227
-113507731	27823
-129978587	26189
-170906419	28619
-174398603	20929
-179056379	22973
-210331019	29641
-7	347
-7	359
-7	379
-7	443
-7	487
-7	599
-7	743
-7	827
-7	919
-23	71
-23	541
-23	859
-31	373
-31	439
-31	467
-47	617
-71	103
-79	163
-103	797
-127	19
-199	829
-239	691
-271	883
-311	859
-367	23
-439	991
-631	491
-1367	199
-3607	643
-4799	211
-11887	787
-12647	251
-30671	197
-40031	263
-65423	397
-71551	409
-99823	349
-270631	443
-738319	53
-950423	643
-2792159	19
-25117087	577
-26285431	619
-26373287	109
-31666511	47
-89716079	11
-190597639	79
-7	1019
-7	1367
-7	1373
-7	1381
-7	1453
-7	1493
-7	1499
-7	1597
-7	1733
-7	1787
-7	1901
-7	1997
-7	2213
-7	2333
-7	2459
-7	2647
-7	2741
-7	2843
-7	3187
-7	3221
-7	3259
-7	3343
-7	3571
-7	3581
-7	3943
-7	4111
-7	4243
-7	4397
-7	4621
-7	4967
-7	5023
-7	5527
-7	5569
-7	5657
-7	5791
-7	5849
-7	5861
-7	6113
-7	6133
-7	6217
-7	6329
-7	6427
-7	6449
-7	6451
-7	6577
-7	6701
-7	6857
-7	6997
-7	7933
-7	8087
-7	8089
-7	8297
-7	8443
-7	8513
-7	8563
-7	8597
-7	8719
-7	8737
-7	8807
-7	8831
-7	8863
-7	8941
-7	8969
-7	9059
-7	9151
-7	9209
-7	9293
-7	9811
-7	9871
-23	1153
-23	1637
-23	2083
-23	3209
-23	5407
-23	6203
-23	6361
-23	6947
-23	7369
-23	8171
-23	8419
-23	8689
-31	1051
-31	1597
-31	1709
-31	3169
-31	3593
-31	3761
-31	4391
-31	5147
-31	5381
-31	6983
-31	8233
-31	8513
-47	1051
-47	1619
-47	2063
-47	3673
-47	4657
-47	7247
-71	1861
-71	4127
-71	7457
-71	7669
-71	7919
-71	8707
-71	8849
-71	9739
-79	3701
-79	8821
-79	9161
-79	9209
-103	1523
-103	3319
-167	4967
-167	6287
-167	6473
-167	6529
-191	2137
-191	2239
-191	7577
-191	8731
-191	8831
-191	8933
-191	9749
-223	1447
-223	6917
-223	8761
-263	3623
-263	5261
-263	9907
-271	6679
-271	7541
-383	7621
-383	8089
-431	5717
-479	6091
-487	6871
-503	3343
-503	6991
-503	8521
-631	9721
-647	8761
-719	7211
-719	9281
-719	9371
-727	2273
-743	3041
-839	4903
-919	4421
-919	8741
-983	3541
-983	8081
-1087	2503
-1231	6173
-1279	7757
-1303	3677
-1303	5431
-1319	1409
-1471	3547
-1567	9397
-1607	3541
-1759	8161
-2111	4703
-2591	4091
-2903	1489
-2927	3109
-3079	6473
-3359	4909
-3847	8209
-3911	8501
-4271	5381
-4391	4363
-4447	1217
-4567	1151
-4703	1669
-4751	1907
-4871	5693
-4951	6959
-5023	6451
-5519	4483
-6359	7079
-6551	8849
-6791	3467
-6823	4051
-7151	8093
-7159	9497
-7487	8111
-8663	6977
-9623	5051
-10223	2153
-11783	6329
-11927	4273
-11927	7481
-12487	8677
-12527	7649
-15511	7283
-15551	1213
-16111	9349
-18839	4297
-19583	7717
-21767	3779
-21943	5081
-22343	4111
-23743	2029
-26111	7639
-28031	4421
-28559	8179
-30983	3793
-31583	9413
-32647	6637
-43711	5813
-55439	6997
-61151	6163
-61631	5557
-64279	2711
-68879	1301
-73063	1733
-75479	6569
-84991	7417
-101119	5669
-108287	7211
-116167	3931
-116663	7243
-118687	6037
-149287	1013
-149551	5623
-150151	9733
-151471	2711
-155887	2557
-174799	8647
-178487	5783
-184831	6823
-206543	9157
-229751	5297
-247343	5333
-266111	9629
-286367	1171
-291007	8699
-350447	9181
-372023	9587
-397063	2621
-462871	4987
-552751	5573
-571759	3463
-589607	5591
-650519	4637
-718271	3461
-807559	6581
-808439	2617
-847271	8081
-1207111	2741
-1382023	8419
-1445287	3323
-1942727	9431
-2174807	6211
-2532143	4861
-2686063	3371
-3160879	8147
-3452959	5281
-3965911	4519
-5658967	2671
-6095807	5179
-7660871	9043
-10592327	6037
-11357999	9349
-12989591	7349
-14051159	7687
-17785231	9689
-22561447	2843
-24142271	7481
-24825839	4877
-30649319	2129
-39710959	8933
-46469831	6491
-47618911	4969
-48354359	5039
-60171623	9337
-67166663	3181
-70470527	2549
-95521159	8849
-107679359	4861
-108934799	3881
-127895087	9137
-146393047	6229
-181659823	5869
-207543247	1321
-7	10343
-7	10529
-7	10691
-7	10781
-7	10831
-7	11113
-7	11159
-7	11173
-7	11279
-7	11491
-7	11551
-7	11579
-7	11923
-7	11939
-7	11981
-7	12007
-7	12049
-7	12373
-7	12377
-7	12517
-7	12637
-7	12671
-7	12713
-7	12821
-7	12973
-7	13309
-7	13339
-7	13693
-7	13759
-7	13799
-7	13903
-7	14029
-7	14051
-7	14197
-7	14323
-7	14557
-7	14897
-7	15061
-7	15187
-7	15227
-7	15289
-7	15299
-7	15373
-7	15971
-7	16069
-7	16097
-7	16319
-7	16573
-7	16811
-7	16823
-7	16843
-7	16871
-7	16937
-7	17011
-7	17207
-7	17291
-7	17383
-7	17389
-7	17483
-7	17707
-7	17791
-7	17971
-7	18013
-7	18251
-7	18257
-7	18713
-7	18743
-7	18839
-7	18979
-7	19237
-7	19387
-7	19391
-7	19471
-7	19597
-23	11503
-23	11719
-23	12203
-23	12323
-23	12491
-23	12743
-23	12973
-23	13183
-23	13463
-23	13829
-23	13901
-23	13931
-23	14033
-23	14653
-23	15083
-23	15541
-23	15767
-23	16001
-23	17047
-23	17189
-23	17351
-23	17713
-23	17837
-23	18251
-23	18379
-23	19867
-31	10937
-31	11777
-31	13499
-31	13711
-31	16249
-31	18401
-31	18583
-31	18793
-31	19949
-47	10889
-47	11437
-47	11719
-47	12497
-47	13523
-47	14407
-47	14431
-47	14557
-47	14723
-47	15077
-47	15527
-47	16363
-47	16811
-47	18169
-47	18583
-71	12157
-71	12457
-71	13931
-71	14249
-71	14489
-71	15439
-71	16561
-71	17837
-79	12239
-79	13553
-79	16741
-79	17029
-79	19577
-79	19913
-79	19919
-103	11491
-103	12161
-103	14561
-103	16097
-127	12007
-151	14843
-151	15671
-151	16943
-191	19801
-199	10867
-199	12601
-199	14143
-199	15787
-199	19031
-223	11897
-223	14929
-223	19259
-239	14407
-263	13781
-311	11261
-311	17293
-359	13721
-367	16703
-367	18913
-431	11467
-431	12983
-431	17959
-439	14713
-439	18199
-463	17807
-463	19813
-479	10453
-479	11351
-487	13669
-503	12919
-599	14153
-607	14503
-647	17851
-751	15443
-823	16189
-887	12739
-919	10487
-983	13883
-983	14081
-1399	12923
-1439	15919
-1471	15671
-1487	13757
-1559	18233
-1831	11057
-1847	17659
-2063	10333
-2111	18257
-2239	17789
-2287	11467
-2351	18041
-2423	16747
-2543	19709
-2711	17909
-2887	11279
-2903	12713
-3167	11149
-3559	15907
-3607	13789
-4871	11273
-5039	15131
-6287	15671
-6359	19777
-6719	14281
-6823	15797
-7079	10037
-8623	11633
-8783	11083
-9439	13469
-9623	16381
-9871	18691
-9967	16927
-10247	13381
-11351	15619
-11447	11779
-11783	15391
-11903	12671
-12743	16631
-13007	10939
-13127	12763
-13807	10939
-14831	19553
-15671	16069
-16231	13789
-16631	15217
-16823	19889
-17471	19603
-17959	11969
-18287	17471
-20639	16547
-20879	11113
-20959	18307
-24919	14251
-26431	14591
-27551	13397
-31231	11923
-32831	13633
-38791	14251
-48311	13219
-53639	16427
-55439	18773
-57751	10559
-57847	13757
-58831	16843
-65167	17881
-68791	19289
-73943	17579
-75391	13537
-75503	14503
-76847	16363
-90023	10303
-98807	12907
-112207	19993
-119591	18131
-128351	12097
-133271	10211
-133519	17401
-154727	17929
-160687	18839
-169471	10883
-175783	17419
-187223	19387
-194543	12119
-210631	14081
-211583	16451
-228647	10463
-251879	12589
-257639	13967
-289559	15607
-291271	17167
-314903	10091
-370423	16937
-524959	14869
-601687	18427
-640231	12517
-755863	11959
-788231	10993
-817183	16103
-919631	16453
-950647	10301
-988439	14503
-1204183	18401
-1207039	10639
-1510343	15739
-1645727	12071
-1810799	14057
-1886783	14957
-2156599	19841
-2739239	17713
-2754991	12589
-2855911	12497
-3455519	14173
-4164191	17623
-4790551	18041
-4917839	15791
-5531887	15551
-5620127	15061
-5649599	17519
-5770903	12143
-6137951	18311
-7126871	12823
-7946791	18899
-11795983	11831
-12168551	15373
-15237463	12821
-16501871	10253
-18962767	17519
-23434063	16229
-25625527	18773
-28612007	11633
-33511039	17881
-37061351	15773
-41973863	17519
-45697807	14831
-53151767	13729
-55717847	11969
-57798919	16529
-74842039	12281
-99202847	12973
-147729079	10939
-163911919	17387
-186293959	13043
-216100943	12071
-216639407	16927
-7	20129
-7	20269
-7	20407
-7	20507
-7	20693
-7	20903
-7	21163
-7	21617
-7	21757
-7	21821
-7	21961
-7	21977
-7	21991
-7	22031
-7	22073
-7	22129
-7	22247
-7	22283
-7	22397
-7	22481
-7	22549
-7	23041
-7	23251
-7	23321
-7	23447
-7	23459
-7	23473
-7	23531
-7	23633
-7	23801
-7	23977
-7	24203
-7	24229
-7	24551
-7	24781
-7	24809
-7	24907
-7	24977
-7	25117
-7	25307
-7	25643
-7	25673
-7	25943
-7	25999
-7	26021
-7	26177
-7	26513
-7	26713
-7	26993
-7	27211
-7	27239
-7	27281
-7	27689
-7	27799
-7	27847
-7	27883
-7	27941
-7	28051
-7	28183
-7	28289
-7	28477
-7	28513
-7	28597
-7	28687
-7	28807
-7	29243
-7	29311
-7	29383
-7	29803
-7	29873
-7	29927
-7	29983
-23	21383
-23	21491
-23	22369
-23	22441
-23	22571
-23	22811
-23	23831
-23	24499
-23	25037
-23	25163
-23	25423
-23	25801
-23	26407
-23	27487
-23	29173
-23	29663
-31	22613
-31	24181
-31	24509
-31	25639
-31	25763
-31	26041
-31	26879
-31	27191
-31	28621
-47	21187
-47	23743
-47	23767
-47	26879
-47	26981
-47	27059
-47	29147
-71	21499
-71	23189
-71	28069
-79	22853
-79	25087
-79	26641
-103	22381
-103	22433
-103	23189
-103	26693
-103	28097
-127	26813
-127	29879
-151	20393
-151	26561
-151	28657
-167	20231
-167	21341
-167	26953
-191	24413
-199	26297
-199	27127
-199	27509
-223	20123
-239	22679
-239	23333
-271	21563
-271	24683
-271	26539
-311	23021
-311	23059
-311	24203
-359	21713
-359	24953
-367	22963
-367	27059
-383	20327
-431	22571
-431	28921
-463	21601
-463	26849
-479	25127
-479	27481
-631	21613
-647	27011
-743	23833
-751	20353
-823	21107
-839	28087
-967	20147
-1031	20021
-1031	20939
-1039	28597
-1087	21943
-1151	25841
-1279	20333
-1279	23063
-1279	23993
-1471	25673
-1511	22291
-1511	26647
-1567	29483
-1879	25309
-1951	24841
-1951	26371
-2087	22811
-2671	20101
-2767	23917
-3407	24251
-3559	23549
-4463	21001
-4463	26209
-4583	25031
-4591	20341
-4679	23813
-4919	21467
-4951	24007
-5087	26959
-5527	23447
-5903	29611
-6151	22171
-6271	21317
-6311	24923
-6599	25031
-6823	20261
-7951	25793
-9239	25367
-11239	29453
-11959	22229
-13103	28759
-13367	27799
-13799	20113
-14423	25919
-15647	21149
-16823	26003
-20359	29443
-22079	26669
-23671	24413
-26183	28123
-26783	26263
-32303	21661
-32983	20389
-34327	24841
-34591	28921
-37591	26647
-38711	29611
-39607	29167
-43063	22739
-49663	21001
-49943	21001
-65287	22807
-74047	29017
-79943	21859
-86239	26099
-97423	28409
-103991	29131
-183343	26683
-186343	29059
-188911	21143
-189967	22031
-190031	23159
-190711	23893
-192887	23899
-193663	23473
-234319	23609
-306511	20407
-307759	20521
-320911	29131
-445847	22741
-551519	22091
-709351	28541
-732967	26357
-924023	27583
-1010407	26833
-1110839	25943
-2160527	25667
-2371711	25679
-3116719	22129
-4218031	26591
-4389503	22531
-5182663	29287
-5338367	28463
-6255943	28649
-8713087	28579
-9649919	27743
-13394023	25111
-13517239	28493
-17556023	24203
-18016631	20323
-18339271	24061
-28322191	28081
-30142103	29269
-41545367	29423
-62205719	29873
-75864367	28813
-82952959	22111
-85957687	20479
-86403599	21961
-93379183	28069
-233458679	22573

